>TGTTTACWYWRB	1-TGTTTACWYWRB,BestGuess:Foxa2/MA0047.2/Jaspar(0.974)	7.957761	-3002.664598	0	T:2871.0(64.44%),B:254123.1(13.86%),P:1e-1304
0.048	0.004	0.001	0.947
0.237	0.013	0.723	0.027
0.011	0.011	0.003	0.975
0.001	0.005	0.163	0.831
0.004	0.003	0.287	0.706
0.637	0.061	0.295	0.007
0.001	0.754	0.012	0.233
0.389	0.160	0.001	0.450
0.022	0.360	0.181	0.437
0.540	0.001	0.026	0.433
0.253	0.143	0.402	0.201
0.185	0.245	0.353	0.217
